36477536
34608416
36477616
36477696
36477776
36477856
36477936
36478016
36478096
36478176
36478256
36478336
36478416
36478496
36478576
36478656
36478736
36478816
36478896
36478976
36479056
36479136
36479216
36479296
36479376
36479456
36479536
36479616
36479696
34608496
36479776
36479856
36479936
36480016
36480096
36480176
36480256
36480336
36480416
36480496
36480576
36480656
36480736
36480816
36480896
36480976
36481056
36481136
36481216
36481296
36481376
36481456
36481536
36481616
36481696
36481776
36481856
36481936
36482016
36482096
36482176
36482256
36482336
36482416
36482496
34608576
36482576
36482656
36482736
36482816
36482896
36482976
36483056
36483136
36483216
36483296
36483376
36483456
36483536
36483616
36483696
36483776
36483856
36483936
36484016
36484096
36484176
36484256
36484336
36484416
36484496
36484576
36484656
34608656
36484736
36484816
36484896
36484976
36485056
36485136
36485216
36485296
36485376
36485456
36485536
36485616
36485696
36485776
36485856
36485936
36486016
36486096
36486176
36486256
36486336
36486416
36486496
36486576
36486656
36486736
36486816
36486896
36486976
36487056
36487136
34608736
36487216
36487296
36487376
36487456
36487536
36487616
36487696
36487776
36487856
36487936
36488016
36488096
36488176
36488256
36488336
36488416
34608816
36488496
36488576
36488656
36488736
36488816
36488896
36488976
36489056
36489136
36489216
36489296
36489376
36489456
36489536
36489616
36489696
36489776
36489856
36489936
36490016
36490096
36490176
36490256
36490336
36490416
36490496
36490576
36490656
36490736
36490816
36490896
36490976
36491056
34608896
36491136
36491216
36491296
36491376
36491456
36491536
36491616
36491696
36491776
36491856
36491936
36492016
36492096
36492176
36492256
36492336
36492416
36492496
36492576
36492656
36492736
36492816
36492896
36492976
36493056
36493136
36493216
36493296
36493376
36493456
36493536
34608976
36493616
36493696
36493776
36493856
36493936
36494016
36494096
36494176
36494256
36494336
36494416
36494496
36494576
36494656
36494736
36494816
36494896
34609136
34609056
36494976
36495056
36495136
36495216
36495296
36495376
36495456
36495536
36495616
36495696
36495776
36495856
36495936
36496016
36496096
36496176
36496256
36496336
36496416
36496496
36496576
36496656
36496736
36496816
36496896
36496976
34609376
34609296
34609216
36497056
36497136
36497216
36497296
36497376
36497456
36497536
36497616
36497696
36497776
36497856
36497936
36498016
36498096
36498176
36498256
34609536
34609456
36498336
36498416
36498496
36498576
36498656
36498736
36498816
36498896
36498976
36499056
36499136
36499216
36499296
36499376
36499456
36499536
36499616
36499696
36499776
36499856
36499936
36500016
36500096
36500176
36500256
36500336
36500416
34609616
36500496
36500576
36500656
36500736
36500816
36500896
36500976
36501056
36501136
36501216
36501296
36501376
36501456
36501536
36501616
36501696
36501776
34609776
34605936
34609696
36501856
36501936
36502016
36502096
36502176
36502256
36502336
36502416
36502496
36502576
36502656
36502736
36502816
36502896
34609856
36502976
36503056
36503136
36503216
36503296
36503376
36503456
36503536
36503616
36503696
36503776
36503856
36503936
36504016
36504096
36504176
36504256
36504336
36504416
36504496
36504576
36504656
36504736
36504816
36504896
36504976
36505056
36505136
36505216
34609936
36505296
36505376
36505456
36505536
36505616
36505696
36505776
36505856
36505936
36506016
36506096
36506176
36506256
36506336
36506416
36506496
36506576
36506656
36506736
36506816
36506896
36506976
36507056
36507136
36507216
36507296
36507376
36507456
36507536
36507616
34610016
36507696
36507776
36507856
36507936
36508016
36508096
36508176
36508256
36508336
36508416
36508496
36508576
36508656
36508736
36508816
36508896
36508976
36509056
36509136
36509216
36509296
36509376
36509456
36509536
36509616
36509696
36509776
36509856
34610096
36509936
36510016
36510096
36510176
36510256
36510336
36510416
36510496
36510576
36510656
36510736
36510816
36510896
36510976
36511056
36511136
36511216
36511296
36511376
34610176
36511456
36511536
36511616
36511696
36511776
36511856
36511936
36512016
36512096
36512176
36512256
36512336
34610256
36512416
36512496
36512576
36512656
36512736
36512816
36512896
36512976
36513056
36513136
36513216
36513296
36513376
36513456
36513536
36513616
36513696
36513776
36513856
36513936
34610416
34610336
36514016
36514096
36514176
36514256
36514336
36514416
36514496
36514576
36514656
36514736
36514816
36514896
36514976
36515056
34610736
34610656
34610576
34610496
36515136
36515216
36515296
36515376
36515456
36515536
36515616
36515696
36515776
36515856
http://pubs.opengroup.org/onlinepubs/009695399/functions/pthread_mutex_lock.html
